htmljs-parser      : 0.709142 ms/file ± 1.51956
tl                 : 0.801174 ms/file ± 0.545641
htmlparser2        : 1.64746 ms/file ± 2.54706
html5parser        : 1.69274 ms/file ± 2.43940
neutron-html5parser: 2.14723 ms/file ± 1.28002
htmlparser2-dom    : 2.23548 ms/file ± 2.94724
node-html-parser   : 2.43408 ms/file ± 1.85577
sax                : 9.67842 ms/file ± 9.74666
arijs-stream       : 15.3477 ms/file ± 13.4140
htmlparser         : 18.7659 ms/file ± 141.612
arijs-tree         : 19.5302 ms/file ± 16.7580
html-parser        : 21.6328 ms/file ± 16.5831
saxes              : 41.1257 ms/file ± 116.211
html5              : 82.3712 ms/file ± 109.505